#          n           z           a
#
          32      0.9873      0.5032
          33      0.9436      0.5145
          35      0.9011       0.526
         36      0.8594      0.5378
         37      0.8188      0.5498
         38      0.7787      0.5622
         38        0.74      0.5747
         39      0.7018      0.5876
         40      0.6644      0.6008
         41      0.6281      0.6142
         41      0.5924       0.628
         42      0.5574      0.6421
         43      0.5232      0.6565
         44      0.4899      0.6712
         45      0.4573      0.6862
         46      0.4253      0.7016
         46      0.3941      0.7173
         48      0.3637      0.7333
         47      0.3337      0.7498
         49      0.3045      0.7666
         50      0.276      0.7837
         51      0.248      0.8013
         52      0.2207      0.8192
         53      0.1939      0.8376
         54      0.1677      0.8564
         55      0.1422      0.8755
         56      0.1172      0.8951
         57     0.09266      0.9152
         58     0.06872      0.9357
         59     0.04526      0.9567
         60     0.02239      0.9781
         61     0.00000      1.0000
